110111111111111111111111
110111111111111111100001
100000000000000011101101
101111101111111011101101
100111101111111000001101
110111111111111111111111
110111111111111111111111
110111111111111111100001
100000000000000011101101
101111101111111011101101
100111101111111000001101
110111111111111111111111
110111111111111111111111
110111111111111111100001
100000000000000011101101
101111101111111011101101
100111101111111000001101
110111111111111111111111
110111111111111111111111
110111111111111111100001
100000000000000011101101
101111101111111011101101
100111101111111000001101
110111111111111111111111
110111111111111111111111